1101101010101011101110101110111010101010111010111011101110101010101110101011101110101010111010101011101110
1101101010111010111010101110111010101011101110101011101110101010101110101011101011101010111010101110111010
1101101010111010101110101110101110101011101011101011101010101110111010111010101010101110111011101110101010
1101101010111011101010111010101110101011101110101010111010101110101011101110101110101010111011101011101010
1101101011101110101010111011101010101010111011101010111010101110101010111011101110101010111010111010101110
1101101011101011101010101110101011101010111011101010101110111010101011101011101110101010111010111010101110
1101101010101011101110101110111010101010111010111010101110111010111010101011101110101110101011101011101010
1101101010111010111010111010101110101110101011101010101110101110101110101011101010111010111011101110101010
1101101010111010101110111011101010101110101010111010101110111010101110101011101110101011101010111010101110
1101101010111011101010101010111011101110101110101010111010111010111010111010101110111010101010101011101110
1101101010101011101110111011101010101110101011101010101011101110111010101011101010111011101010101110101110
1101101010111010101110101110111010101010111011101011101010101110111010101011101011101011101010111010111010
1101101010111011101010111010101011101110101011101010111010111010101011101110101110101011101010111010101110
1101101010101110101110111010101011101010111011101010111011101010101011101110101010111011101011101011101010
1101101011101010111010101110101110101010111011101010101110111010101010111011101110101110101011101110101010
1101101010111010101110101110111010101010101110111011101110101010101110101110101011101010111010111010111010
1101101011101010101110111011101010101110101110101011101110101010101010111011101110101011101011101011101010
1101101011101010101110111010101011101011101010111010101110111010111010101110101011101110101011101010111010
1101101010111011101010111010101011101011101011101011101010111010101010111011101110101110101010111011101010
1101101011101110101010101011101011101010111011101010101110111010111010101110101110111010101011101010111010
1101101011101110101010111010101011101011101010111010111010101110111010111010101011101011101010101110101110
1101101010111010101110101011101110101010101110111010111011101010111010101110101110101110101010101110111010
1101101011101010111010111011101010101110101010111010111011101010111010111010101110101110101010101110101110
1101101011101010111010111010101110101010111010111011101110101010111010111010101011101010111010101110101110
1101101011101011101010111011101010101011101110101011101011101010111010101011101010101110111011101110101010
1101101010101011101110101010111011101110101011101011101011101010101011101011101011101110101010101011101110
1101101011101010111010111010111010101011101011101010101011101110111010101110101010101110111011101010111010
1101101010111010111010101110111010101110101010111011101010101110101011101110101011101011101010111010101110
1101101010101110101110111010101011101110111010101010101110111010101110101110101011101010111011101011101010
1101101010111010111010111010101110101010101110111011101010111010111011101010101011101110101011101011101010
1101101011101110101010111010101110101110101010111010111010111010111010101110101110101010111010101110101110
1101101010111010101110101110111010101110101110101011101010111010101010111011101110101010111011101010101110
1101101010111010111010101010111011101010101110111010111010101110101010111011101110101110101011101011101010
1101101011101010111010111010111010101011101110101010111011101010101110101011101010101110111010101110111010
1101101010111010111010111010111010101011101010111010101011101110111010101011101011101011101011101011101010
1101101011101110101010111010101110101110101010111011101011101010101110111010101010101110111010101110111010
1101101010101110101110101011101011101110101011101011101110101010101011101011101110101110101011101010111010
1101101010111010111010101010111011101010101110111010101011101110101011101011101110101110101011101110101010
1101101010111010111010111011101010101110101010111011101010111010101110101011101011101011101011101010111010
1101101010111010101110111011101010101110101110101011101010101110111010101110101110101010111010101110111010
1101101011101010101110101110101011101010111010111010101110101110111010101110101010101110111011101010111010
1101101011101010101110101010111011101011101011101011101011101010111010101110101011101011101010111010111010
1101101011101011101010111010101110101011101110101011101010101110111010101110101110111010101011101011101010
1101101010101110101110101110101110101110101110101011101011101010101110101011101110101011101011101110101010
1101101010101011101110101010111011101110101011101010111010111010111011101010101110101010111011101010101110
1101101010111010101110101110101110101011101110101010111010101110111011101010101110101010111011101110101010
1101101011101011101010101110101011101010101110111011101110101010111011101010101110101010111010101011101110
1101101011101010111010111010101110101110101010111010101110101110111011101010101010111011101010111010101110
1101101011101010101110101110101110101110111010101011101010111010111010111010101010101110111010111010111010
1101101011101110101010101110111010101011101110101010111010111010111010101110101110111010101010111010111010
1101101011101010101110111010111010101011101010111011101010111010101110111010101110101110101010101011101110
1101101011101011101010101110111010101010111010111011101011101010101011101110101011101110101010101110111010
1101101010101110101110111011101010101011101110101011101010101110111010111010101110111010101010101110101110
1101101011101010111010101110111010101010111010111010101011101110101110101011101010111010111011101011101010
1101101010111010111010111010101011101010111010111011101110101010101010111011101011101011101011101010101110
1101101010111011101010111011101010101110101011101011101010101110101110101011101011101010111010111011101010
1101101010111010101110101010111011101110101011101010111011101010101011101011101110101011101011101110101010
1101101010111011101010101110101110101010111010111010111011101010101110111010101011101110101011101010101110
1101101011101010111010111010111010101010111010111010101110111010101011101110101011101010111010101011101110
1101101010111010101110111010101011101110101110101011101010101110101110111010101011101010111011101011101010
1101101010101110101110111010101011101110111010101011101010111010111011101010101010111010111011101010101110
1101101011101011101010111011101010101110101110101011101110101010101110111010101110101110101011101010101110
1101101010111010111010111010101110101010111010111010111010101110111010111010101010111010111010101110111010
1101101011101110101010101011101110101011101011101011101011101010101110101011101011101110101011101110101010
1101101010111010111010111010101011101110101010111011101010101110101011101011101011101110101010111010101110
1101101010111011101010101011101110101010101110111010101110111010111010111010101110101010111010111010111010
1101101010101011101110101110101110101011101110101010111011101010101110101110101010111010111011101010101110
1101101011101010111010111011101010101011101110101010111010111010101110101110101010111011101011101010101110
1101101010101011101110101110111010101110101110101010101110111010111010101110101110101110101010101011101110
1101101010101011101110101011101011101110111010101011101010111010101010111011101110111010101011101010111010
1101101010111010101110111010101011101110101110101010111011101010101010111011101110101110101010101110111010
1101101010111010111010101010111011101011101110101011101110101010101110111010101011101110101011101010101110
1101101010111010111010111010101011101110101110101011101110101010101110101110101011101110101010101011101110
1101101010111010111010101011101110101011101011101011101110101010111011101010101010111010111011101010111010
1101101010101011101110101011101110101010101110111010111010101110101011101011101011101011101010111010111010
1101101011101010101110111011101010101011101011101010111010101110101011101011101010111010111010111010111010
1101101011101010111010101011101110101110111010101011101110101010111011101010101110101110101010111010101110
1101101011101010101110111010101011101110101011101010111010101110101011101011101011101011101011101010101110
1101101011101010101110101110101110101011101110101011101010111010111010111010101010101110111010111011101010
1101101010101110101110101110111010101011101110101010101110111010101110111010101011101010111010101110111010
1101101011101110101010101011101011101011101110101011101010111010101110101110101011101010111010101110111010
1101101010111010101110111010101011101110111010101010101011101110101011101011101011101110101010111010111010
1101101011101110101010101110101110101110101110101011101110101010111010101011101010111010111011101110101010
1101101010111010111010101011101011101011101110101010101011101110111011101010101110101010111010111011101010
1101101010101110101110101010111011101110101010111010111010101110101110111010101110101011101011101010111010
1101101011101110101010101011101110101010111010111011101011101010101011101011101110101011101010101110111010
1101101010111011101010101011101011101010111011101010111010111010111011101010101011101110101010101110101110
1101101010101110101110111010101110101011101110101010111010111010101110111010101011101011101010111011101010
1101101010111010111010111010111010101010111010111010101110101110101011101011101011101011101010111010111010
1101101011101011101010101110101011101110101011101011101010111010111011101010101110111010101011101011101010
1101101011101110101010111010101011101010101110111010111011101010101011101011101011101011101011101010111010
1101101011101010101110111010101110101010101110111010111010101110111010111010101110111010101011101010111010
1101101010101110101110101010111011101110101011101010101011101110101010111011101110101011101011101011101010
1101101010101110101110101110101011101011101010111010101011101110101011101110101110101011101011101110101010
1101101010101110101110111010101110101010111011101010101110101110111010111010101110111010101010111011101010
1101101010111011101010101110101011101110111010101010101110101110101011101011101011101011101010111010101110
1101101010101110101110111010101011101010101110111011101110101010101010111011101011101110101010111010101110
1101101010111011101010101011101110101110101011101010111010111010101110111010101110101011101010111010111010
1101101011101011101010111010111010101011101010111010111011101010101011101011101010111010111010101110101110
1101101011101110101010101110101011101010111011101011101010111010111011101010101110101010111011101010101110
1101101011101011101010101010111011101010111010111010101011101110101110111010101110101010111010101110111010
1101101011101010111010101110111010101011101110101010101110101110101010111011101011101110101011101010101110
1101101010101110101110111010111010101011101110101011101011101010101110111010101010111011101010101110101110
1101101010111010111010101110101011101010101110111011101010101110101010111011101011101011101011101010101110
1101101011101110101010101110101110101110111010101010101110111010101011101110101110101110101010111010101110
1101101011101010111010101110101011101110101011101011101011101010111011101010101110101010111010101011101110
1101101010111010111010101110101011101010101110111010101110101110111010101110101011101010111010111010101110
1101101011101011101010101110101110101110101011101011101011101010111010111010101010101110111010111010111010
1101101010111011101010101110111010101010111010111011101110101010101110101011101010111010111010111010111010
1101101010101110101110111011101010101110101110101011101011101010101110101011101110101011101011101010101110
1101101010111010101110101110101011101110101011101011101010111010101110101110101110101110101010111011101010
1101101011101110101010101110111010101011101010111010101110111010101010111011101011101010111010101110101110
1101101011101011101010111010111010101011101110101010111010101110111011101010101010101110111010101110101110
1101101011101010101110101011101011101010111011101011101110101010101010111011101010101110111010101110111010
1101101010111010111010101011101011101010111010111010101110101110111010101110101010111011101011101011101010
1101101011101010111010111010101110101010101110111010101110101110101011101110101011101010111011101110101010
1101101011101011101010111010101011101011101110101011101110101010111010101011101110101011101010111010101110
1101101010111010111010101010111011101011101110101010101110101110101110101011101110101011101010111011101010
1101101011101011101010101011101110101110101010111010111010101110111010111010101010111010111011101010101110
1101101010101011101110111010101011101010111011101010111011101010101110101110101010101110111010111010101110
1101101010111010101110111010101110101011101011101011101010101110111010101011101011101011101010101110101110
1101101010101110101110111010111010101010111011101011101011101010101010111011101110111010101010101110111010
1101101010111010101110101011101110101010111011101010111011101010111011101010101011101010111011101010101110
1101101011101010101110111011101010101010111010111011101010111010101011101011101011101010111010111010101110
1101101010101011101110101110101011101110101011101010101110111010101011101011101010111010111011101110101010
1101101011101010101110101011101011101011101010111010111011101010111011101010101010111010111010111010101110
1101101010101011101110101110101110101010111010111010111011101010101110111010101010111011101011101010111010
1101101010111010101110111010111010101110101010111011101110101010101011101011101011101110101011101010101110
1101101010101110101110101110101110101011101010111011101010111010101110101110101010111011101010101110101110
1101101010111010111010111010101110101010101110111010111011101010101110111010101110111010101010101011101110
1101101011101010101110111011101010101011101011101011101011101010101011101011101110101011101011101010111010
1101101010101110101110111010101110101010111011101011101010111010101010111011101110101110101010111011101010
1101101010111011101010101011101011101110111010101010111010101110111011101010101010111011101010101110111010
1101101010101011101110101011101110101110101011101011101011101010101110111010101011101110101010111011101010
1101101010111010101110101010111011101110101110101010111011101010101110101011101110101011101011101010111010
1101101011101110101010101011101110101010111011101011101110101010101110111010101010111011101010111010101110
1101101010101011101110101011101110101011101010111010101110101110111010101110101110101011101010101011101110
1101101010111010101110101110101110101110101110101010101011101110111011101010101010111011101010111010101110
1101101010101011101110111010101011101010101110111011101011101010101110101011101110111010101010101011101110
1101101011101010111010101110101011101110101110101010111010101110101011101011101110101011101010101011101110
1101101010111010111010101011101110101110101010111011101010101110111010111010101110101011101011101010111010
1101101010111010101110101011101011101110101110101011101110101010101011101011101110111010101010111010111010
1101101011101110101010111010101011101110101011101011101011101010101110101011101010111010111010101011101110
1101101010111010101110111011101010101011101010111011101010101110101110111010101110111010101010111010111010
1101101011101110101010111011101010101110101110101010101011101110101110111010101011101110101011101010111010
1101101010111011101010111010111010101010111010111010111011101010101110111010101110101010111011101010111010
1101101011101010101110101011101110101110111010101010111010111010101011101110101110101010111010111011101010
1101101011101011101010111010111010101010111010111010111010111010101010111011101010101110111011101010101110
1101101011101010111010111010101110101110101011101010101011101110101011101110101011101011101010111010101110
1101101011101010101110101011101011101010101110111010101011101110101110111010101011101010111010101011101110
1101101010101110101110101110101011101011101011101010111010101110101110101011101110101110101011101010111010
1101101010101011101110101010111011101011101010111011101010101110101110101110101110101110101011101110101010
1101101011101010111010111010101011101110101011101011101010101110101011101110101110101011101010101110101110
1101101011101110101010101010111011101110111010101011101110101010111010101011101110101011101010111010111010
1101101010111010111010101011101110101010111010111010101011101110101010111011101110111010101010101110111010
1101101010101011101110111010111010101011101011101010101110101110101110111010101110101010111011101010111010
1101101010111011101010101011101110101011101010111011101110101010101011101011101011101010111011101110101010
1101101010111010101110111010101110101110101011101010111010111010101011101011101010111011101011101011101010
1101101010111011101010101011101110101011101011101010101110111010111010101110101010111011101010101011101110
1101101010111010111010111010101110101010101110111010111011101010101011101110101011101110101010101110101110
1101101011101010111010101110101110101010111011101010101110101110101110101110101110111010101011101011101010
1101101010111011101010101011101011101110101011101010101110101110111010111010101010101110111010111011101010
1101101011101110101010111010101110101110101011101011101010111010111011101010101110101110101011101110101010
1101101010111011101010101011101011101110101011101011101010101110101110101011101010111010111010101011101110
1101101011101010101110101110101011101110111010101011101010101110101110101110101011101110101010101110111010
1101101011101010111010101110111010101110111010101011101010101110101011101011101010111011101010101110101110
1101101010111010101110101110111010101110111010101011101011101010111010101110101010111011101010101110101110
1101101010111010101110101011101011101010111010111010101110111010101110101011101010101110111010111010111010
1101101010101011101110101110101011101010101110111010111010111010111010101110101110101110101010101110111010
1101101011101110101010101011101110101010111010111010101110101110101011101011101110101011101011101110101010
1101101010111010111010101011101011101010111011101011101011101010111011101010101011101011101010101110101110
1101101011101010101110101110101110101110101010111011101010101110111010101110101110101011101010111011101010
1101101011101110101010101110101110101010111010111010101011101110111010101011101110101011101010101110111010
1101101011101010101110111011101010101110111010101011101110101010101110111010101010111011101010111010101110
1101101011101011101010101110111010101010101110111010101110111010101110101110101010111011101011101010101110
1101101010101011101110111011101010101010111010111011101010101110111010101011101010111010111010101110101110
1101101010101110101110111010111010101010101110111010101110101110101011101011101010111011101011101010111010
1101101011101010101110111011101010101110101010111010111011101010111010101110101110101010111010101110111010
1101101010101110101110111010101110101010111011101011101110101010101010111011101010111010111010101110101110
1101101011101010111010101011101110101010101110111010111011101010101011101110101010101110111010111011101010
1101101011101011101010101010111011101010111010111011101110101010101011101011101010111010111011101011101010
1101101010101110101110101110111010101110101110101010101110101110101110101110101110101011101011101010111010
1101101011101011101010101011101110101110101010111011101011101010111011101010101011101011101010111010111010
1101101011101011101010111010111010101010111011101011101110101010111010101011101010101110111010111010111010
1101101010111010101110111010111010101110111010101010101110101110111010101110101110101110101011101011101010
1101101011101010111010111011101010101110101010111010111011101010101010111011101110101010111010101110101110
1101101011101010101110101010111011101110101011101010111011101010111010101110101011101110101010111011101010
1101101011101010101110111010101110101010111011101011101010111010101011101110101010101110111010101110111010
1101101010101011101110111010101110101011101011101011101010101110101110101011101010111010111011101110101010
1101101010111010111010101010111011101010101110111011101011101010111010111010101110101011101010111010111010
1101101011101011101010101110111010101110101010111011101010111010101110101011101011101110101010111010101110
1101101010101110101110111010101110101010101110111010111010111010111011101010101011101010111010111010111010
1101101011101110101010111011101010101110111010101010101110111010101011101110101110101010111010111010101110
1101101010111010111010111011101010101010111010111011101110101010101011101011101010101110111010101110101110
1101101010111011101010101110101110101011101110101010111011101010101011101110101010101110111010111010101110
1101101011101010111010101011101011101110101011101010101110101110111010101110101011101011101011101011101010
1101101010101011101110101110111010101011101011101011101010101110101010111011101010111010111010101110101110
1101101011101011101010111010111010101110111010101010111011101010111011101010101110101010111011101110101010
1101101010111011101010111010101011101010111010111010111010101110101011101110101010111011101011101010101110
1101101010101011101110101110101110101110101110101010111010101110101010111011101011101011101011101010101110
1101101011101010101110101011101110101110101010111010111010101110101010111011101011101010111010111010111010
1101101010101110101110111010101011101010101110111011101011101010101011101011101110111010101011101010111010
1101101010101011101110111010101011101010111011101011101010101110111011101010101010101110111011101110101010
1101101011101010101110111011101010101110101010111011101010111010101110111010101110101010111010111011101010
1101101011101010111010111011101010101110111010101010101011101110101011101011101110101011101011101010101110
1101101011101010111010111010111010101110111010101011101110101010111011101010101010111011101010111010101110
1101101010111010111010111011101010101110101010111010101110101110101010111011101011101110101010101110101110
1101101010111010101110101010111011101110101010111011101010111010111011101010101010111010111010101011101110
1101101010111011101010101011101110101010101110111010111010111010111010101110101010111010111010101110111010
1101101011101010111010101011101011101110101010111010111010111010101011101011101011101110101010101110111010
1101101010111011101010111010111010101010111011101010111010101110101110101011101011101110101011101110101010
1101101011101010111010101011101011101011101010111010111010101110111010101011101110101110101010111011101010
1101101010101011101110101011101110101110101010111010101011101110111010111010101011101010111010101110111010
1101101010111010111010101110101011101010111011101010101011101110111011101010101110101110101010111011101010
1101101011101010101110101110101011101011101010111010111010101110101110101110101010101110111011101011101010
1101101010101110101110111010101011101011101110101010101110111010101011101110101011101011101010101110111010
1101101010101011101110101010111011101010111010111010111011101010111011101010101110111010101011101010111010
1101101011101010101110101110101011101110101011101010111010111010111010101110101110101110101011101011101010
1101101010111011101010101011101110101011101010111010101011101110101010111011101011101011101010101011101110
1101101010101011101110101011101011101010101110111011101011101010111010101110101110101011101010101011101110
1101101011101010101110101011101011101010111011101011101110101010101110111010101110101110101010101011101110
1101101011101010111010101110111010101010111010111010111010111010101110101011101110101010111011101010111010
1101101010111010111010111011101010101010111010111010111010101110111010101011101010111011101011101010101110
1101101010111010101110101011101110101110101011101010111011101010101110101110101110101010111010101110111010
1101101011101010101110101011101110101010101110111011101110101010111011101010101010101110111010111010111010
1101101011101110101010111010111010101011101110101010111010111010101110101110101010111011101010101110111010
1101101011101110101010101110101110101011101011101011101010101110111010101110101011101110101010111010101110
1101101010111011101010101110101110101010101110111010101011101110101110101110101110111010101011101010101110
1101101011101010111010101110101110101011101110101011101010111010101011101011101110101110101010111011101010
1101101010111010101110101110101110101010111011101010101110111010111011101010101010111010111010111011101010
1101101010111011101010111010111010101110101011101011101010111010101011101110101110101011101011101110101010
1101101010111010111010111010111010101110101011101010111010101110101011101011101011101011101011101010101110
1101101010111010111010101011101011101110101010111011101010101110101110101110101010111010111010101110101110
1101101011101110101010111010101110101011101010111011101011101010111011101010101010111011101011101110101010
1101101011101011101010111011101010101110111010101010101110101110111010101011101010111011101010101110111010
1101101010111011101010111011101010101110101011101011101110101010111010111010101110111010101010101110101110
1101101011101011101010111010101011101010101110111010111010101110101110111010101010111010111011101010101110
1101101010111010101110101010111011101011101010111011101011101010101011101110101011101010111010101110101110
1101101010111010111010101110111010101010101110111010111010111010101110111010101011101011101010111011101010
1101101010101011101110101011101110101011101011101010111010111010101110111010101010111010111010111010111010
1101101010101110101110111010111010101010101110111011101011101010101110101110101011101011101011101110101010
1101101010111011101010111011101010101010111010111010101011101110111010101110101011101011101011101011101010
1101101011101010101110111010101110101110101110101010111010111010101011101110101110101110101011101010111010
1101101011101011101010111010101011101110101011101011101010101110101110111010101011101010111010111010111010
1101101010101110101110111010101011101110111010101010111011101010101110111010101010111011101010111011101010
1101101010101110101110101011101011101110101011101010101011101110111010111010101011101110101010111010101110
1101101011101011101010111010101110101110101011101011101011101010111011101010101110101110101010101110111010
1101101010111011101010101011101011101110101010111011101011101010101011101011101011101010111010111011101010
1101101011101011101010101110101110101110111010101010111011101010101110101011101011101010111010111010111010
1101101011101010101110101110101011101110111010101011101010101110101110101110101110101011101010101110101110
1101101010111010111010111010111010101011101010111010101110111010111011101010101110101011101010101011101110
1101101010101110101110101011101011101110111010101011101110101010101110101110101011101010111010101011101110
1101101010111010101110111010101011101011101010111010101011101110101010111011101010111010111011101110101010
1101101010101110101110111010101110101011101110101011101010111010111010101110101110101011101010101110111010
1101101011101110101010111010101110101010111010111010101011101110101110111010101110101110101010101011101110
1101101011101010101110101011101110101110101011101011101110101010101110101011101110111010101011101010101110
1101101011101110101010101110101110101011101011101011101011101010111010101110101011101110101010101110111010
1101101011101010111010111010101110101010111010111010111011101010101110101110101011101011101010101110111010
1101101011101110101010111010101110101110101010111010111010101110101011101011101011101010111010111011101010
1101101010101011101110101011101110101011101010111010111010111010111010111010101110111010101010101110111010
1101101010101011101110101010111011101011101110101010101110101110101110101011101110111010101011101110101010
1101101010101011101110101110101110101011101011101010101011101110111010101011101011101110101010101011101110
1101101010111010101110111010101011101110101011101010111011101010101110101011101110101010111010101110101110
1101101010101110101110111010101011101010101110111010111010101110101110111010101011101011101010101011101110
1101101011101110101010101110101011101110101110101011101110101010101110101011101110101110101010101110111010
1101101011101110101010111011101010101110101110101011101010111010111011101010101110101110101011101010101110
1101101010111011101010111010101011101010101110111010101110101110101110101110101010111010111011101010101110
1101101010111010111010101011101110101010111011101010101011101110101010111011101110111010101010101110101110
1101101010101110101110111011101010101110101010111010101011101110101011101011101011101011101010101110101110
1101101010101011101110111010101110101110111010101011101010111010111010101011101011101110101011101110101010
1101101011101011101010111010101011101110111010101010101011101110101110101110101110101010111010111011101010
1101101011101011101010111010101011101010111011101010101110101110111010101011101011101110101011101010101110
1101101010111010111010101110101110101110101010111011101010111010101011101011101010111010111011101110101010
1101101010111010111010101110101011101011101110101010101011101110111011101010101011101010111010111010111010
1101101011101110101010101011101011101011101110101010101110101110101011101011101010111010111011101010101110
1101101011101010101110101110101011101110101011101011101010111010101011101011101010101110111010111011101010
1101101010111010111010101011101011101010101110111010111010111010101010111011101110111010101010111010111010
1101101011101011101010111010111010101110101011101010101110101110101110101011101011101010111010111010101110
1101101011101010101110111010101110101110101011101010101110111010101011101011101011101011101010111011101010
1101101011101110101010101011101110101010111011101011101010111010101110101011101110101010111011101010111010
1101101011101110101010111010101110101110101010111010101110101110111010101011101110101010111010111011101010
1101101011101110101010111010101110101110111010101010111010101110101110101011101110101010111010111010111010
1101101010111010101110101110101110101110111010101011101010101110111010101011101110111010101011101011101010
1101101011101010111010111010101110101010111011101010101110101110111010101110101110101110101011101110101010
1101101010111010101110111011101010101010111011101011101011101010111010101110101110101011101010111010101110
1101101011101110101010111010101011101110101110101010101110101110101110111010101011101011101010101110101110
1101101010111010111010101110111010101110111010101011101110101010101110101110101011101110101010101110101110
1101101010101110101110101011101011101011101110101011101011101010101010111011101010101110111011101011101010
1101101010111011101010111011101010101110101010111010101110101110101110101011101011101010111010101110101110
1101101011101011101010111010101011101011101110101011101110101010111010101011101011101011101010111010111010
1101101010111010101110101110111010101110111010101010111010101110101110111010101011101010111010111010111010
1101101010111010101110101011101011101010111010111011101010111010101011101110101110101010111011101011101010
1101101010111010111010111011101010101011101110101010101110111010111010111010101011101011101010101110101110
1101101011101010101110111010111010101011101011101010111011101010111010101110101110111010101010101110111010
1101101011101110101010101011101011101010111010111010101011101110101110101110101110101010111011101010111010
1101101011101010101110111011101010101110101010111010111010111010101110101011101110111010101011101010101110
1101101011101010101110111010101110101010111011101010111010101110111010101110101011101011101010101110101110
1101101011101011101010101110101110101110101010111010111010111010101010111011101110101110101011101010111010
1101101011101110101010101110111010101110101110101011101010111010111010101110101011101110101010101110101110
1101101010111011101010101110101011101110101010111010111010111010101110101110101110101110101010111011101010
1101101011101011101010101110101011101010111011101011101010101110111011101010101110101010111010101110111010
1101101011101110101010101110101110101011101010111010111010101110101010111011101110101110101010101110111010
1101101011101011101010101110111010101010101110111011101011101010111010111010101011101010111010101110101110
1101101010111011101010101110111010101011101110101010101110111010111011101010101010111011101010101011101110
1101101011101010101110111010101110101110101011101010111010101110101110101110101010111010111010101110111010
1101101011101110101010101110111010101110101110101010101011101110111010111010101011101010111010111010101110
1101101010111010101110101110101110101110101110101011101010101110111010101110101110111010101010111011101010
1101101011101010111010101110111010101011101010111010101011101110101110101110101011101110101010101110101110
1101101010101011101110111011101010101110101110101011101010111010101110101110101011101011101010111010111010
1101101010111010101110111010111010101011101110101010111010101110101110101110101011101010111010111011101010
1101101010111011101010111010101011101110101011101010101110101110111011101010101110101110101011101110101010
1101101010111010101110111010111010101010111010111011101010101110111010101110101010111010111010111011101010
1101101010111010101110101110101110101011101110101010101011101110111010101011101011101110101011101011101010
1101101010101110101110101110101011101110101110101011101110101010101011101110101110101010111011101110101010
1101101010101011101110101110111010101011101010111010111010111010101110111010101011101010111010101110101110
1101101010111010111010111010101011101110101011101010101110111010101011101011101010111011101010111011101010
1101101010111010101110101110101011101011101011101010101011101110101010111011101110101011101011101010101110
1101101011101110101010111010101011101010101110111010101011101110101110101110101011101010111011101010101110
1101101011101110101010101010111011101010111011101011101010101110101010111011101011101010111010101110111010
1101101010101011101110111010101110101110101010111011101011101010101110111010101010101110111010111011101010
1101101011101010101110111010101011101011101110101010101011101110101110111010101011101010111010101011101110
1101101011101011101010111010111010101010111010111011101011101010111010101011101011101010111010101110101110
1101101010101110101110111011101010101011101010111010101011101110101110101110101010111010111011101110101010
1101101010111010101110111011101010101010111010111011101011101010101010111011101010101110111010111010101110
1101101011101010111010111010101011101110101110101011101011101010101110101011101110101110101010111010101110
1101101010111010111010111010101110101110111010101010101110101110101010111011101011101110101010101011101110
1101101011101010111010101110111010101011101110101010101011101110111010101011101011101110101011101010111010
1101101010101110101110101010111011101010101110111011101110101010111010111010101110101110101010111010111010
1101101010101110101110101110101110101110101011101010111010101110101110111010101010101110111011101010111010
1101101010101110101110101110101110101110101010111010101110101110101010111011101010101110111011101010111010
1101101010111011101010111010111010101010111010111011101110101010111010111010101010111010111010111010111010
1101101011101011101010111010101110101110111010101011101011101010111010111010101110101011101010101110101110
1101101010101110101110101011101110101010111010111011101010101110101011101110101011101010111011101110101010
1101101010101011101110101011101011101010101110111011101010111010111011101010101011101010111011101010101110
1101101010111010101110101011101011101010111010111011101010101110101110101110101110101011101010111011101010
1101101010101110101110101011101011101011101110101011101110101010111010111010101110101011101010101110111010
1101101011101110101010111010111010101110101011101011101011101010111010111010101011101110101010111011101010
1101101011101110101010101110111010101011101110101010101110111010111010101011101010111010111010101110111010
1101101010111010111010101011101110101110101110101011101010111010101010111011101110101110101010101110111010
1101101010111010111010111010101011101011101010111010111010101110111010101011101010101110111011101010111010
1101101011101110101010101011101011101011101110101011101110101010101110111010101010111011101010101110101110
1101101011101010111010111010101110101010111011101010101110111010101011101011101010101110111011101110101010
1101101011101011101010101011101110101110101010111011101011101010111010111010101110111010101011101011101010
1101101011101010111010101011101011101110101110101010101110111010101010111011101110101011101010101110101110
1101101011101010101110111010101011101110101110101011101011101010111010101011101110101010111010111010101110
1101101011101010111010111010101110101010101110111010101011101110111010101110101010101110111011101010101110
1101101011101011101010101011101011101011101010111010101011101110101110101011101110101110101011101110101010
1101101011101010111010111010101110101010111011101010101011101110111010111010101110101011101011101010111010
1101101010101011101110111011101010101110101011101010111010111010101110111010101010111011101011101110101010
1101101010101011101110101110101110101010111010111010111010111010101011101110101011101110101010101011101110
1101101010111010111010111011101010101110111010101011101011101010101011101011101011101010111010101110101110
1101101011101011101010111010101011101010101110111011101110101010111010101110101010111010111010111011101010
1101101010111010111010111010101110101110111010101011101010111010101010111011101110101110101011101010111010
1101101011101010111010111010111010101010111011101010101110101110101011101110101010101110111010101110101110
1101101011101010111010111011101010101011101110101011101110101010111010111010101010111011101011101110101010
1101101011101110101010101010111011101110101010111011101010101110111010111010101011101011101010101110111010
1101101011101010101110101110101011101011101110101011101011101010101011101011101110111010101010111010111010
1101101010111011101010111011101010101010111011101010101110111010101011101110101110101011101011101010101110
1101101010111011101010111011101010101011101010111010101011101110101011101110101011101010111010111011101010
1101101011101011101010101011101110101110111010101011101010111010101110111010101011101110101010101110101110
1101101010101110101110101110111010101010111011101010111010101110101110111010101010111010111010101110101110
1101101011101010101110101110101011101011101011101010101110101110101010111011101110111010101010111011101010
1101101010111010111010101110101011101110101010111011101110101010101011101011101010111011101011101010101110
1101101010101011101110101011101011101110111010101011101010101110101110101110101010111011101010111011101010
1101101011101011101010101110101011101010111011101010101110101110101110101011101011101010111010111010111010
1101101010111010101110101011101110101110101010111010111010111010111010101110101011101010111010111011101010
1101101010111011101010101110101110101010101110111010111010111010101110101011101010111010111010111010111010
1101101010101110101110101010111011101010101110111010101110101110101011101110101110101010111011101110101010
1101101011101011101010101010111011101011101010111011101010101110101011101011101010101110111010101110101110
1101101010111011101010111010111010101010101110111011101110101010101010111011101110101010111011101110101010
1101101011101010101110101011101011101110101110101010101011101110101011101011101110101110101010111010101110
1101101010111010111010111010111010101110101011101010111011101010111010101011101010101110111011101010111010
1101101010101110101110101010111011101010101110111011101011101010101011101110101110111010101010101110101110
1101101011101110101010101010111011101010101110111010111011101010111011101010101011101011101011101010101110
1101101011101010101110101110101011101010111010111010101011101110101110111010101010101110111011101010101110
1101101011101010111010101110101110101011101010111010111010101110111010101011101011101011101010111010111010
1101101010111010101110101010111011101110101011101011101110101010101010111011101110101010111010101110111010
1101101011101011101010101010111011101011101010111010111011101010101010111011101011101010111011101010101110
1101101010111010111010101011101110101011101011101010101011101110111010101011101010111010111011101010111010
1101101011101011101010111010111010101110101010111010111011101010101110111010101011101011101011101010111010
1101101011101010111010101110101011101110101010111010101011101110111010101011101010111011101011101110101010
1101101010111011101010111010111010101110101011101010101011101110101110101011101010101110111010101011101110
1101101011101011101010111010101011101010111010111010111011101010101110101110101110101110101010111011101010
1101101010111010111010111010101011101110101011101011101011101010101011101011101010111010111010111010111010
1101101010111010101110111010111010101010111010111011101011101010111010101110101110111010101010101011101110
1101101011101010111010101010111011101110101011101011101110101010101110111010101010101110111010101011101110
1101101011101110101010111011101010101011101010111010101110101110101110111010101110101110101011101110101010
1101101011101010101110101110111010101110101110101010111011101010101011101110101110111010101010111010111010
1101101010111011101010111010111010101110101010111011101011101010111010111010101011101010111010111010101110
1101101010101011101110101011101110101110111010101010101011101110101010111011101110101110101010101011101110
1101101011101010101110101011101011101110101110101011101110101010101110101011101011101010111011101011101010
1101101010111010111010111010101011101011101110101011101011101010101110101011101110101110101010101110111010
1101101011101010101110101110101110101010111011101010111011101010111010111010101010111011101010111010111010
1101101010111010111010111010101011101010101110111010111010101110111010101011101011101010111011101010111010
1101101010111011101010101011101110101110101010111010101110101110101011101011101110101011101011101110101010
1101101010111011101010101011101011101110101010111011101011101010101110101011101011101010111011101010111010
1101101010111010101110111010111010101011101110101011101010101110101010111011101010101110111010111011101010
1101101011101010111010111010111010101011101010111010101110111010101110101110101010111010111010101110101110
1101101010111010101110101011101110101010111011101010111011101010111011101010101110101010111010101110101110
1101101011101010111010101011101110101110111010101010111011101010101010111011101011101010111011101010111010
1101101010111011101010101110101110101110101011101010111011101010101110101011101010111010111010101011101110
1101101011101011101010111010111010101110101011101011101110101010111010101011101010101110111011101010101110
1101101010111010111010111010101011101011101011101010101110111010101110111010101110101011101010111010111010
1101101011101010101110101011101110101110101110101010111011101010101010111011101110101011101011101011101010
1101101010101011101110101110101110101010111011101011101011101010101110101011101110101110101010101110101110
1101101010111010101110101110101011101011101011101010101011101110111010111010101110101110101010111010101110
1101101010111010101110101011101110101011101010111010101110111010111010101011101011101110101010101011101110
1101101011101010111010111010101011101011101011101010101110101110111011101010101010111011101011101011101010
1101101010111011101010111010101110101110101110101011101110101010101010111011101011101110101011101010101110
1101101011101110101010111011101010101011101011101011101110101010101011101011101010111011101010111011101010
1101101010101110101110111010101110101010101110111010101011101110111010101110101110101011101010111010101110
1101101011101110101010101110101110101110101011101010101011101110111010101011101110111010101011101010101110
1101101010111011101010111010111010101110101110101010101011101110101011101011101011101010111011101110101010
1101101010111010111010101110101110101110101010111010101110101110101010111011101010101110111011101110101010
1101101010101011101110101010111011101011101010111010111011101010101110101110101110101110101011101010111010
1101101010101110101110111010111010101011101011101010101110111010101110111010101010111010111010101110101110
1101101011101011101010101110101110101110101110101010101110101110101011101110101011101010111011101011101010
1101101011101011101010101110111010101010101110111011101011101010101010111011101110111010101010111010111010
1101101011101011101010101011101011101010111010111010101110101110111010101110101011101110101011101010101110
1101101010111010111010101010111011101110111010101010101011101110101011101110101110111010101010101011101110
1101101011101010111010111010101110101010111010111011101010101110111011101010101011101011101011101010101110
1101101010111011101010111010101011101110101110101010111010101110111010101011101110101010111010111011101010
1101101010101110101110101110111010101011101110101010111010111010101011101110101110101010111010111010101110
1101101010111010111010111010101110101110111010101011101010101110101010111011101110101011101010101110111010
1101101011101010101110111010101110101011101110101010111010101110111011101010101110111010101011101010101110
1101101011101110101010101011101011101010101110111011101011101010101110111010101011101010111011101010101110
1101101010111010111010111011101010101011101010111011101010101110111010101110101011101110101011101010101110
1101101010111010101110101110101011101110111010101010101011101110101110101110101110101010111010111011101010
1101101010111010101110101011101011101011101010111010101110101110111010101110101110101110101010111010111010
1101101011101010111010111010111010101110101011101010101011101110101010111011101010111010111010111010111010
1101101011101010111010101011101110101010111011101010101110101110101110101110101011101010111011101011101010
1101101011101010111010101011101011101110101110101010111011101010101110101110101110101110101011101110101010
1101101011101110101010111010101110101110101010111011101010101110101110111010101010111011101011101110101010
1101101010101110101110111010101011101110111010101011101010111010111010101011101110101010111010111010101110
1101101010111010101110101010111011101110101011101011101011101010101010111011101110111010101011101010111010
1101101011101110101010101110111010101110101011101011101010111010101110101110101011101110101010101110111010
1101101010111010111010111011101010101010101110111010111011101010101110111010101011101110101011101110101010
1101101010101110101110111010101011101010111010111010101110101110111011101010101010111010111010111010101110
1101101010101110101110101110101011101110101110101010101110101110101110101110101010111010111010111010101110
1101101011101010111010101011101011101011101110101011101010111010101110101011101110111010101010111010111010
1101101010101110101110101110101011101110101011101011101110101010111010101011101010111011101010111010101110
1101101010111011101010101011101011101011101011101010101110101110101110111010101011101010111010111010111010
1101101010111010101110101110111010101010111010111011101010111010111010101110101010111011101010101110101110
1101101010101110101110101110111010101010101110111010111011101010101011101110101010101110111010111010101110
1101101010111011101010101110111010101110111010101010111011101010111010101110101011101011101010101110111010
1101101010101011101110111011101010101010101110111011101011101010101110101011101110101110101011101011101010
1101101010111010111010101110101110101110101011101010101110101110101010111011101110101010111010101110101110
1101101011101011101010101011101110101011101011101010111010101110111011101010101010111010111011101011101010
1101101010111010111010101011101110101110111010101010111010111010111010111010101010101110111011101011101010
1101101011101011101010111010101011101011101010111010101011101110111010101011101110101011101010101110101110
1101101011101010101110111010111010101110101010111011101010111010101010111011101110101010111010111010111010
1101101011101010101110111010111010101010101110111010111010101110101110101011101110111010101010101110111010
1101101011101010101110111010111010101110101011101010101011101110111010101011101011101010111011101010111010
1101101010101011101110101110111010101011101011101010111010111010101110101011101010101110111010111011101010
1101101010111011101010111010101110101110101011101010111010101110111010101110101011101011101011101010101110
1101101011101011101010101011101110101011101110101010101110111010101010111011101011101011101011101011101010
1101101011101011101010101010111011101011101110101011101010101110101011101110101010111010111011101110101010
1101101011101010111010101110101011101010111010111010111010111010111010101110101110101110101010111010101110
1101101011101011101010101011101110101110101010111011101011101010111010101110101010111011101011101010101110
1101101011101010111010111011101010101110111010101010111011101010101010111011101010111011101011101011101010
1101101010101110101110101110101011101110111010101011101110101010101011101011101010111010111010111010101110
1101101010111010101110101010111011101011101010111010111010101110111010111010101010101110111011101110101010
1101101011101010101110111010101011101011101110101011101110101010101110111010101110111010101010111011101010
1101101011101110101010101011101011101110101110101011101010101110111010101110101011101011101010111010101110
1101101011101010111010101011101110101110101110101011101010111010101110111010101110101110101010111010101110
1101101011101010111010101011101011101010111010111011101110101010101010111011101110101110101011101011101010
1101101011101010111010111010111010101011101010111010101110101110101110111010101110111010101011101010111010
1101101010101011101110111010101011101011101011101011101110101010101011101011101010111010111010111011101010
1101101011101011101010111011101010101010111010111011101010101110101011101011101110101110101010101110111010
1101101011101011101010101011101011101011101010111011101010111010101011101110101110101010111010101110101110
1101101011101010111010111011101010101010111011101010111010111010111010101110101011101011101011101010101110
1101101011101011101010101110101011101010111010111011101011101010111010101110101011101110101010101110101110
1101101011101011101010101110111010101110101011101010101110111010101110111010101110111010101010101110101110
1101101011101010101110101011101011101011101010111011101010101110101011101110101110101010111010111010111010
1101101011101010111010101010111011101010101110111011101010101110111010101011101110101011101010111011101010
1101101010101110101110101110111010101110101011101011101011101010101110101110101110101110101011101010101110
1101101011101010101110111010101110101011101010111010101011101110111011101010101010101110111011101010111010
1101101010101110101110111010101110101011101011101011101010101110101011101110101010111010111011101010111010
1101101010111010111010101110101110101010101110111010111010111010101110101011101110101110101011101110101010
1101101010111010101110101011101110101110101011101011101010111010111010101110101011101011101011101010101110
1101101010111010101110101011101011101110101011101011101010111010101010111011101011101010111011101010101110
1101101011101010101110101110111010101110111010101011101010101110101110101011101010111010111011101010101110
1101101010111010101110111010101011101010101110111010101110111010101110101011101110111010101010101011101110
1101101011101010111010101011101110101011101011101010101011101110101011101011101011101010111010111010101110
1101101011101011101010101011101110101010111010111010111010111010111010101110101010111011101010111011101010
1101101011101011101010101010111011101011101010111011101010101110101010111011101110101010111010111010111010
1101101011101010101110111011101010101010101110111010111010101110111010111010101010111011101010111010101110
1101101010101110101110111011101010101110111010101011101010111010101010111011101110111010101010101110101110
1101101011101010111010111010101011101010111011101010101011101110111010101011101011101011101010101110111010
1101101010101011101110111010111010101110101110101011101010111010101110111010101010111011101011101110101010
1101101011101011101010101011101011101010111010111010101110101110111010101110101110111010101010101110111010
1101101010111011101010111010101110101010111010111010111010101110101110101110101010111010111010111010111010
1101101010101011101110111010101011101011101110101011101110101010111010101110101011101011101010101110111010
1101101010101110101110111010101110101011101010111011101010101110111011101010101011101110101010111011101010
1101101010111010101110101010111011101110101110101011101110101010111011101010101110101110101011101011101010
1101101011101110101010111011101010101010111010111011101110101010101010111011101011101010111010111010101110
1101101011101011101010101110111010101010111010111010101011101110111011101010101010101110111011101010111010
1101101011101011101010101110101110101011101011101011101010101110101011101011101110101110101010101011101110
1101101011101011101010101110111010101110111010101011101010101110101110111010101110101011101011101010101110
1101101010111011101010101010111011101011101011101010111010111010101110111010101010111011101011101010101110
